ATP8/6	8366	8375	-0.018
ATP8/6	8376	8385	-0.060
ATP8/6	8386	8395	-0.078
ATP8/6	8396	8405	-0.075
ATP8/6	8406	8415	-0.121
ATP8/6	8416	8425	-0.056
ATP8/6	8426	8435	-0.099
ATP8/6	8436	8445	-0.054
ATP8/6	8446	8455	-0.042
ATP8/6	8456	8465	-0.120
ATP8/6	8466	8475	-0.094
ATP8/6	8476	8485	-0.111
ATP8/6	8486	8495	-0.021
ATP8/6	8496	8505	0.000
ATP8/6	8506	8515	-0.107
ATP8/6	8516	8525	-0.054
ATP8/6	8526	8535	-0.099
ATP8/6	8536	8545	-0.045
ATP8/6	8546	8555	-0.047
ATP8/6	8556	8565	-0.100
ATP8/6	8566	8575	-0.082
ATP8/6	8576	8585	-0.121
ATP8/6	8586	8595	-0.035
ATP8/6	8596	8605	-0.011
ATP8/6	8606	8615	-0.056
ATP8/6	8616	8625	-0.095
ATP8/6	8626	8635	-0.020
ATP8/6	8636	8645	-0.054
ATP8/6	8646	8655	-0.064
ATP8/6	8656	8665	-0.119
ATP8/6	8666	8675	-0.049
ATP8/6	8676	8685	-0.071
ATP8/6	8686	8695	-0.072
ATP8/6	8696	8705	-0.095
ATP8/6	8706	8715	-0.070
ATP8/6	8716	8725	-0.070
ATP8/6	8726	8735	-0.029
ATP8/6	8736	8745	-0.049
ATP8/6	8746	8755	-0.029
ATP8/6	8756	8765	-0.005
ATP8/6	8766	8775	-0.057
ATP8/6	8776	8785	-0.070
ATP8/6	8786	8795	-0.120
ATP8/6	8796	8805	-0.046
ATP8/6	8806	8815	-0.136
ATP8/6	8816	8825	-0.031
ATP8/6	8826	8835	-0.096
ATP8/6	8836	8845	-0.081
ATP8/6	8846	8855	0.013
ATP8/6	8856	8865	-0.007
ATP8/6	8866	8875	-0.004
ATP8/6	8876	8885	0.126
ATP8/6	8886	8895	-0.010
ATP8/6	8896	8905	-0.089
ATP8/6	8906	8915	-0.045
ATP8/6	8916	8925	-0.036
ATP8/6	8926	8935	-0.081
ATP8/6	8936	8945	-0.051
ATP8/6	8946	8955	-0.029
ATP8/6	8956	8965	-0.121
ATP8/6	8966	8975	-0.068
ATP8/6	8976	8985	-0.069
ATP8/6	8986	8995	-0.066
ATP8/6	8996	9005	-0.064
ATP8/6	9006	9015	-0.021
ATP8/6	9016	9025	-0.035
ATP8/6	9026	9035	-0.032
ATP8/6	9036	9045	-0.027
ATP8/6	9046	9055	-0.033
ATP8/6	9056	9065	-0.065
ATP8/6	9066	9075	-0.130
ATP8/6	9076	9085	-0.039
ATP8/6	9086	9095	-0.039
ATP8/6	9096	9105	-0.016
ATP8/6	9106	9115	-0.017
ATP8/6	9116	9125	-0.016
ATP8/6	9126	9135	-0.096
ATP8/6	9136	9145	-0.033
ATP8/6	9146	9155	-0.035
ATP8/6	9156	9165	-0.033
ATP8/6	9166	9175	-0.033
ATP8/6	9176	9185	-0.178
ATP8/6	9186	9195	-0.154
ATP8/6	9196	9205	-0.123
ATP8/6	9206	9207	-0.020
COX1	5902	5911	0.046
COX1	5912	5921	0.052
COX1	5922	5931	0.027
COX1	5932	5941	0.121
COX1	5942	5951	-0.152
COX1	5952	5961	-0.139
COX1	5962	5971	-0.127
COX1	5972	5981	-0.198
COX1	5982	5991	-0.083
COX1	5992	6001	-0.287
COX1	6002	6011	-0.076
COX1	6012	6021	-0.072
COX1	6022	6031	-0.234
COX1	6032	6041	-0.046
COX1	6042	6051	-0.067
COX1	6052	6061	-0.187
COX1	6062	6071	-0.083
COX1	6072	6081	-0.275
COX1	6082	6091	-0.420
COX1	6092	6101	-0.134
COX1	6102	6111	-0.022
COX1	6112	6121	-0.093
COX1	6122	6131	-0.095
COX1	6132	6141	-0.046
COX1	6142	6151	-0.081
COX1	6152	6161	-0.098
COX1	6162	6171	-0.084
COX1	6172	6181	-0.071
COX1	6182	6191	-0.059
COX1	6192	6201	-0.028
COX1	6202	6211	-0.014
COX1	6212	6221	0.051
COX1	6222	6231	0.067
COX1	6232	6241	-0.088
COX1	6242	6251	-0.487
COX1	6252	6261	-0.116
COX1	6262	6271	-0.176
COX1	6272	6281	-0.181
COX1	6282	6291	-0.038
COX1	6292	6301	0.013
COX1	6302	6311	-0.127
COX1	6312	6321	-0.239
COX1	6322	6331	-0.263
COX1	6332	6341	0.147
COX1	6342	6351	-0.058
COX1	6352	6361	-0.156
COX1	6362	6371	-0.115
COX1	6372	6381	-0.008
COX1	6382	6391	-0.016
COX1	6392	6401	-0.021
COX1	6402	6411	-0.012
COX1	6412	6421	-0.027
COX1	6422	6431	-0.124
COX1	6432	6441	-0.086
COX1	6442	6451	-0.085
COX1	6452	6461	-0.042
COX1	6462	6471	-0.054
COX1	6472	6481	-0.137
COX1	6482	6491	-0.089
COX1	6492	6501	-0.031
COX1	6502	6511	-0.072
COX1	6512	6521	-0.043
COX1	6522	6531	-0.041
COX1	6532	6541	-0.199
COX1	6542	6551	-0.127
COX1	6552	6561	-0.148
COX1	6562	6571	-0.180
COX1	6572	6581	-0.090
COX1	6582	6591	-0.042
COX1	6592	6601	-0.070
COX1	6602	6611	-0.060
COX1	6612	6621	-0.041
COX1	6622	6631	-0.080
COX1	6632	6641	-0.020
COX1	6642	6651	-0.097
COX1	6652	6661	-0.060
COX1	6662	6671	-0.083
COX1	6672	6681	-0.051
COX1	6682	6691	-0.122
COX1	6692	6701	-0.028
COX1	6702	6711	-0.021
COX1	6712	6721	-0.149
COX1	6722	6731	-0.094
COX1	6732	6741	-0.130
COX1	6742	6751	-0.041
COX1	6752	6761	-0.050
COX1	6762	6771	-0.034
COX1	6772	6781	-0.067
COX1	6782	6791	-0.077
COX1	6792	6801	-0.070
COX1	6802	6811	-0.136
COX1	6812	6821	-0.038
COX1	6822	6831	-0.100
COX1	6832	6841	-0.078
COX1	6842	6851	-0.139
COX1	6852	6861	-0.083
COX1	6862	6871	-0.028
COX1	6872	6881	-0.128
COX1	6882	6891	-0.149
COX1	6892	6901	-0.098
COX1	6902	6911	-0.104
COX1	6912	6921	-0.153
COX1	6922	6931	-0.089
COX1	6932	6941	-0.017
COX1	6942	6951	-0.024
COX1	6952	6961	-0.104
COX1	6962	6971	-0.107
COX1	6972	6981	-0.113
COX1	6982	6991	-0.134
COX1	6992	7001	-0.121
COX1	7002	7011	-0.081
COX1	7012	7021	-0.106
COX1	7022	7031	-0.026
COX1	7032	7041	-0.091
COX1	7042	7051	-0.049
COX1	7052	7061	-0.070
COX1	7062	7071	-0.135
COX1	7072	7081	-0.060
COX1	7082	7091	-0.135
COX1	7092	7101	-0.234
COX1	7102	7111	-0.121
COX1	7112	7121	-0.213
COX1	7122	7131	-0.161
COX1	7132	7141	-0.169
COX1	7142	7151	-0.024
COX1	7152	7161	-0.036
COX1	7162	7171	-0.062
COX1	7172	7181	-0.065
COX1	7182	7191	-0.136
COX1	7192	7201	-0.072
COX1	7202	7211	-0.093
COX1	7212	7221	-0.114
COX1	7222	7231	-0.106
COX1	7232	7241	-0.152
COX1	7242	7251	-0.140
COX1	7252	7261	-0.138
COX1	7262	7271	-0.078
COX1	7272	7281	-0.093
COX1	7282	7291	-0.058
COX1	7292	7301	-0.068
COX1	7302	7311	-0.031
COX1	7312	7321	-0.042
COX1	7322	7331	-0.165
COX1	7332	7341	-0.131
COX1	7342	7351	-0.151
COX1	7352	7361	-0.126
COX1	7362	7371	-0.214
COX1	7372	7381	-0.047
COX1	7382	7391	-0.144
COX1	7392	7401	-0.105
COX1	7402	7411	-0.110
COX1	7412	7421	-0.110
COX1	7422	7431	-0.044
COX1	7432	7441	-0.013
COX1	7442	7445	-0.163
COX2	7586	7595	-0.056
COX2	7596	7605	-0.110
COX2	7606	7615	-0.060
COX2	7616	7625	-0.129
COX2	7626	7635	-0.089
COX2	7636	7645	-0.104
COX2	7646	7655	-0.117
COX2	7656	7665	-0.103
COX2	7666	7675	-0.042
COX2	7676	7685	-0.031
COX2	7686	7695	-0.021
COX2	7696	7705	-0.026
COX2	7706	7715	-0.041
COX2	7716	7725	-0.053
COX2	7726	7735	-0.038
COX2	7736	7745	-0.033
COX2	7746	7755	-0.048
COX2	7756	7765	-0.039
COX2	7766	7775	-0.055
COX2	7776	7785	-0.056
COX2	7786	7795	-0.168
COX2	7796	7805	-0.051
COX2	7806	7815	-0.119
COX2	7816	7825	-0.174
COX2	7826	7835	-0.087
COX2	7836	7845	0.016
COX2	7846	7855	-0.062
COX2	7856	7865	-0.057
COX2	7866	7875	-0.072
COX2	7876	7885	-0.004
COX2	7886	7895	-0.068
COX2	7896	7905	-0.067
COX2	7906	7915	-0.088
COX2	7916	7925	-0.050
COX2	7926	7935	-0.084
COX2	7936	7945	-0.022
COX2	7946	7955	-0.019
COX2	7956	7965	-0.044
COX2	7966	7975	-0.053
COX2	7976	7985	-0.074
COX2	7986	7995	-0.072
COX2	7996	8005	-0.071
COX2	8006	8015	-0.042
COX2	8016	8025	-0.098
COX2	8026	8035	-0.058
COX2	8036	8045	-0.012
COX2	8046	8055	-0.034
COX2	8056	8065	-0.118
COX2	8066	8075	-0.077
COX2	8076	8085	-0.089
COX2	8086	8095	-0.017
COX2	8096	8105	-0.013
COX2	8106	8115	-0.066
COX2	8116	8125	-0.115
COX2	8126	8135	-0.014
COX2	8136	8145	-0.021
COX2	8146	8155	0.005
COX2	8156	8165	-0.030
COX2	8166	8175	-0.030
COX2	8176	8185	-0.061
COX2	8186	8195	-0.059
COX2	8196	8205	-0.122
COX2	8206	8215	-0.121
COX2	8216	8225	-0.069
COX2	8226	8235	-0.023
COX2	8236	8245	-0.017
COX2	8246	8255	-0.054
COX2	8256	8265	-0.065
COX2	8266	8269	-0.015
COX3	9208	9217	0.267
COX3	9218	9227	0.035
COX3	9228	9237	0.017
COX3	9238	9247	0.151
COX3	9248	9257	-0.073
COX3	9258	9267	-0.023
COX3	9268	9277	-0.085
COX3	9278	9287	-0.044
COX3	9288	9297	0.024
COX3	9298	9307	-0.059
COX3	9308	9317	0.009
COX3	9318	9327	-0.048
COX3	9328	9337	-0.042
COX3	9338	9347	-0.014
COX3	9348	9357	-0.066
COX3	9358	9367	-0.004
COX3	9368	9377	-0.089
COX3	9378	9387	-0.089
COX3	9388	9397	-0.152
COX3	9398	9407	-0.072
COX3	9408	9417	-0.106
COX3	9418	9427	-0.038
COX3	9428	9437	-0.003
COX3	9438	9447	-0.108
COX3	9448	9457	-0.037
COX3	9458	9467	-0.020
COX3	9468	9477	-0.051
COX3	9478	9487	-0.006
COX3	9488	9497	-0.027
COX3	9498	9507	-0.061
COX3	9508	9517	-0.057
COX3	9518	9527	-0.088
COX3	9528	9537	-0.138
COX3	9538	9547	-0.008
COX3	9548	9557	-0.091
COX3	9558	9567	-0.066
COX3	9568	9577	-0.096
COX3	9578	9587	-0.094
COX3	9588	9597	-0.076
COX3	9598	9607	-0.034
COX3	9608	9617	-0.074
COX3	9618	9627	-0.042
COX3	9628	9637	-0.028
COX3	9638	9647	-0.026
COX3	9648	9657	-0.060
COX3	9658	9667	-0.019
COX3	9668	9677	-0.050
COX3	9678	9687	-0.038
COX3	9688	9697	-0.047
COX3	9698	9707	-0.012
COX3	9708	9717	-0.010
COX3	9718	9727	-0.064
COX3	9728	9737	-0.077
COX3	9738	9747	-0.070
COX3	9748	9757	-0.049
COX3	9758	9767	-0.068
COX3	9768	9777	-0.060
COX3	9778	9787	-0.084
COX3	9788	9797	-0.019
COX3	9798	9807	-0.077
COX3	9808	9817	-0.108
COX3	9818	9827	-0.061
COX3	9828	9837	-0.043
COX3	9838	9847	-0.016
COX3	9848	9857	-0.015
COX3	9858	9867	-0.018
COX3	9868	9877	-0.004
COX3	9878	9887	0.012
COX3	9888	9897	0.060
COX3	9898	9907	0.004
COX3	9908	9917	-0.051
COX3	9918	9927	-0.076
COX3	9928	9937	0.019
COX3	9938	9947	-0.058
COX3	9948	9957	-0.010
COX3	9958	9967	-0.012
COX3	9968	9977	0.018
COX3	9978	9987	0.010
COX3	9988	9990	0.000
CYTB	14747	14756	0.254
CYTB	14757	14766	0.112
CYTB	14767	14776	0.361
CYTB	14777	14786	0.132
CYTB	14787	14796	0.422
CYTB	14797	14806	0.159
CYTB	14807	14816	0.023
CYTB	14817	14826	0.069
CYTB	14827	14836	-0.172
CYTB	14837	14846	-0.303
CYTB	14847	14856	-0.042
CYTB	14857	14866	-0.280
CYTB	14867	14876	-0.081
CYTB	14877	14886	-0.001
CYTB	14887	14896	-0.041
CYTB	14897	14906	-0.045
CYTB	14907	14916	-0.366
CYTB	14917	14926	-0.530
CYTB	14927	14936	-0.284
CYTB	14937	14946	-0.328
CYTB	14947	14956	-0.002
CYTB	14957	14966	-0.181
CYTB	14967	14976	-0.112
CYTB	14977	14986	0.001
CYTB	14987	14996	-0.140
CYTB	14997	15006	-0.388
CYTB	15007	15016	-0.074
CYTB	15017	15026	-0.007
CYTB	15027	15036	-0.048
CYTB	15037	15046	-0.011
CYTB	15047	15056	-0.024
CYTB	15057	15066	-0.012
CYTB	15067	15076	-0.047
CYTB	15077	15086	-0.047
CYTB	15087	15096	-0.011
CYTB	15097	15106	-0.077
CYTB	15107	15116	-0.036
CYTB	15117	15126	-0.116
CYTB	15127	15136	-0.060
CYTB	15137	15146	-0.081
CYTB	15147	15156	-0.018
CYTB	15157	15166	-0.070
CYTB	15167	15176	-0.027
CYTB	15177	15186	-0.106
CYTB	15187	15196	-0.014
CYTB	15197	15206	0.002
CYTB	15207	15216	-0.004
CYTB	15217	15226	-0.072
CYTB	15227	15236	-0.090
CYTB	15237	15246	-0.066
CYTB	15247	15256	-0.005
CYTB	15257	15266	-0.080
CYTB	15267	15276	-0.194
CYTB	15277	15286	-0.068
CYTB	15287	15296	-0.032
CYTB	15297	15306	-0.173
CYTB	15307	15316	-0.064
CYTB	15317	15326	-0.121
CYTB	15327	15336	-0.069
CYTB	15337	15346	-0.054
CYTB	15347	15356	-0.035
CYTB	15357	15366	0.007
CYTB	15367	15376	-0.104
CYTB	15377	15386	-0.016
CYTB	15387	15396	-0.014
CYTB	15397	15406	-0.001
CYTB	15407	15416	-0.036
CYTB	15417	15426	0.004
CYTB	15427	15436	-0.064
CYTB	15437	15446	0.040
CYTB	15447	15456	0.004
CYTB	15457	15466	0.035
CYTB	15467	15476	0.053
CYTB	15477	15486	0.026
CYTB	15487	15496	-0.108
CYTB	15497	15506	-0.040
CYTB	15507	15516	0.010
CYTB	15517	15526	-0.075
CYTB	15527	15536	0.000
CYTB	15537	15546	-0.041
CYTB	15547	15556	-0.029
CYTB	15557	15566	0.009
CYTB	15567	15576	-0.026
CYTB	15577	15586	0.024
CYTB	15587	15596	-0.016
CYTB	15597	15606	0.033
CYTB	15607	15616	-0.042
CYTB	15617	15626	-0.020
CYTB	15627	15636	0.037
CYTB	15637	15646	-0.012
CYTB	15647	15656	0.024
CYTB	15657	15666	0.009
CYTB	15667	15676	0.040
CYTB	15677	15686	0.098
CYTB	15687	15696	0.063
CYTB	15697	15706	-0.009
CYTB	15707	15716	0.078
CYTB	15717	15726	0.026
CYTB	15727	15736	0.043
CYTB	15737	15746	-0.075
CYTB	15747	15756	0.023
CYTB	15757	15766	-0.018
CYTB	15767	15776	0.065
CYTB	15777	15786	-0.094
CYTB	15787	15796	0.052
CYTB	15797	15806	0.002
CYTB	15807	15816	0.052
CYTB	15817	15826	0.049
CYTB	15827	15836	0.054
CYTB	15837	15846	0.090
CYTB	15847	15856	0.043
CYTB	15857	15866	0.061
CYTB	15867	15876	0.053
CYTB	15877	15886	0.020
CYTB	15887	15887	0.000
ND1	3306	3315	-0.079
ND1	3316	3325	-0.068
ND1	3326	3335	-0.071
ND1	3336	3345	-0.034
ND1	3346	3355	-0.122
ND1	3356	3365	-0.036
ND1	3366	3375	-0.098
ND1	3376	3385	-0.050
ND1	3386	3395	-0.038
ND1	3396	3405	0.017
ND1	3406	3415	-0.055
ND1	3416	3425	-0.027
ND1	3426	3435	-0.093
ND1	3436	3445	-0.036
ND1	3446	3455	-0.040
ND1	3456	3465	-0.078
ND1	3466	3475	-0.061
ND1	3476	3485	-0.153
ND1	3486	3495	-0.129
ND1	3496	3505	-0.115
ND1	3506	3515	-0.123
ND1	3516	3525	-0.094
ND1	3526	3535	-0.122
ND1	3536	3545	-0.063
ND1	3546	3555	-0.042
ND1	3556	3565	-0.056
ND1	3566	3575	-0.090
ND1	3576	3585	-0.106
ND1	3586	3595	-0.032
ND1	3596	3605	-0.080
ND1	3606	3615	-0.017
ND1	3616	3625	-0.017
ND1	3626	3635	-0.059
ND1	3636	3645	-0.004
ND1	3646	3655	-0.035
ND1	3656	3665	-0.016
ND1	3666	3675	-0.058
ND1	3676	3685	-0.046
ND1	3686	3695	-0.092
ND1	3696	3705	-0.062
ND1	3706	3715	-0.005
ND1	3716	3725	-0.074
ND1	3726	3735	-0.049
ND1	3736	3745	-0.078
ND1	3746	3755	-0.047
ND1	3756	3765	-0.019
ND1	3766	3775	-0.031
ND1	3776	3785	-0.037
ND1	3786	3795	-0.061
ND1	3796	3805	-0.052
ND1	3806	3815	-0.157
ND1	3816	3825	-0.071
ND1	3826	3835	-0.043
ND1	3836	3845	-0.054
ND1	3846	3855	-0.040
ND1	3856	3865	-0.026
ND1	3866	3875	-0.056
ND1	3876	3885	-0.094
ND1	3886	3895	-0.078
ND1	3896	3905	-0.134
ND1	3906	3915	-0.101
ND1	3916	3925	-0.004
ND1	3926	3935	-0.050
ND1	3936	3945	-0.071
ND1	3946	3955	-0.061
ND1	3956	3965	-0.064
ND1	3966	3975	-0.042
ND1	3976	3985	-0.038
ND1	3986	3995	-0.073
ND1	3996	4005	-0.002
ND1	4006	4015	-0.062
ND1	4016	4025	-0.111
ND1	4026	4035	-0.053
ND1	4036	4045	-0.133
ND1	4046	4055	-0.063
ND1	4056	4065	-0.085
ND1	4066	4075	-0.100
ND1	4076	4085	-0.041
ND1	4086	4095	-0.129
ND1	4096	4105	-0.057
ND1	4106	4115	-0.093
ND1	4116	4125	-0.040
ND1	4126	4135	-0.160
ND1	4136	4145	-0.110
ND1	4146	4155	-0.109
ND1	4156	4165	-0.130
ND1	4166	4175	-0.106
ND1	4176	4185	-0.023
ND1	4186	4195	-0.061
ND1	4196	4205	-0.064
ND1	4206	4215	-0.026
ND1	4216	4225	-0.038
ND1	4226	4235	-0.050
ND1	4236	4245	-0.024
ND1	4246	4255	-0.155
ND1	4256	4262	-0.022
ND2	4470	4479	-0.100
ND2	4480	4489	-0.078
ND2	4490	4499	0.080
ND2	4500	4509	-0.010
ND2	4510	4519	-0.083
ND2	4520	4529	-0.108
ND2	4530	4539	-0.020
ND2	4540	4549	-0.066
ND2	4550	4559	-0.033
ND2	4560	4569	-0.077
ND2	4570	4579	-0.046
ND2	4580	4589	-0.032
ND2	4590	4599	-0.027
ND2	4600	4609	-0.021
ND2	4610	4619	-0.029
ND2	4620	4629	-0.037
ND2	4630	4639	-0.088
ND2	4640	4649	-0.028
ND2	4650	4659	-0.092
ND2	4660	4669	-0.031
ND2	4670	4679	-0.025
ND2	4680	4689	-0.005
ND2	4690	4699	-0.002
ND2	4700	4709	-0.007
ND2	4710	4719	-0.038
ND2	4720	4729	-0.016
ND2	4730	4739	0.002
ND2	4740	4749	0.001
ND2	4750	4759	-0.001
ND2	4760	4769	-0.009
ND2	4770	4779	0.003
ND2	4780	4789	-0.005
ND2	4790	4799	0.012
ND2	4800	4809	-0.000
ND2	4810	4819	-0.030
ND2	4820	4829	-0.043
ND2	4830	4839	-0.052
ND2	4840	4849	-0.041
ND2	4850	4859	-0.066
ND2	4860	4869	-0.022
ND2	4870	4879	-0.012
ND2	4880	4889	-0.046
ND2	4890	4899	-0.006
ND2	4900	4909	0.022
ND2	4910	4919	0.031
ND2	4920	4929	0.040
ND2	4930	4939	0.120
ND2	4940	4949	0.067
ND2	4950	4959	-0.033
ND2	4960	4969	-0.024
ND2	4970	4979	0.004
ND2	4980	4989	0.030
ND2	4990	4999	0.017
ND2	5000	5009	-0.005
ND2	5010	5019	-0.092
ND2	5020	5029	-0.032
ND2	5030	5039	-0.009
ND2	5040	5049	0.067
ND2	5050	5059	0.041
ND2	5060	5069	0.048
ND2	5070	5079	0.035
ND2	5080	5089	0.017
ND2	5090	5099	0.022
ND2	5100	5109	0.032
ND2	5110	5119	-0.005
ND2	5120	5129	0.019
ND2	5130	5139	-0.057
ND2	5140	5149	-0.189
ND2	5150	5159	-0.009
ND2	5160	5169	-0.080
ND2	5170	5179	-0.022
ND2	5180	5189	-0.028
ND2	5190	5199	-0.036
ND2	5200	5209	-0.013
ND2	5210	5219	-0.074
ND2	5220	5229	-0.003
ND2	5230	5239	-0.047
ND2	5240	5249	-0.027
ND2	5250	5259	-0.008
ND2	5260	5269	-0.011
ND2	5270	5279	-0.001
ND2	5280	5289	-0.006
ND2	5290	5299	-0.001
ND2	5300	5309	-0.011
ND2	5310	5319	0.024
ND2	5320	5329	-0.006
ND2	5330	5339	0.037
ND2	5340	5349	-0.003
ND2	5350	5359	0.007
ND2	5360	5369	-0.035
ND2	5370	5379	0.052
ND2	5380	5389	0.025
ND2	5390	5399	0.040
ND2	5400	5409	0.017
ND2	5410	5419	0.007
ND2	5420	5429	0.004
ND2	5430	5439	0.002
ND2	5440	5449	0.016
ND2	5450	5459	0.082
ND2	5460	5469	0.092
ND2	5470	5479	0.049
ND2	5480	5489	0.084
ND2	5490	5499	0.206
ND2	5500	5509	0.067
ND2	5510	5511	0.000
ND3	10059	10068	-0.125
ND3	10069	10078	-0.005
ND3	10079	10088	-0.056
ND3	10089	10098	-0.080
ND3	10099	10108	-0.044
ND3	10109	10118	0.011
ND3	10119	10128	0.000
ND3	10129	10138	-0.007
ND3	10139	10148	-0.146
ND3	10149	10158	-0.026
ND3	10159	10168	-0.077
ND3	10169	10178	-0.050
ND3	10179	10188	-0.010
ND3	10189	10198	-0.113
ND3	10199	10208	-0.062
ND3	10209	10218	-0.008
ND3	10219	10228	-0.038
ND3	10229	10238	-0.059
ND3	10239	10248	0.002
ND3	10249	10258	0.009
ND3	10259	10268	-0.014
ND3	10269	10278	-0.021
ND3	10279	10288	-0.027
ND3	10289	10298	-0.051
ND3	10299	10308	-0.044
ND3	10309	10318	-0.087
ND3	10319	10328	-0.038
ND3	10329	10338	-0.110
ND3	10339	10348	-0.058
ND3	10349	10358	-0.151
ND3	10359	10368	-0.029
ND3	10369	10378	-0.118
ND3	10379	10388	0.007
ND3	10389	10398	-0.016
ND3	10399	10404	0.000
ND4L/4	10470	10479	-0.063
ND4L/4	10480	10489	-0.039
ND4L/4	10490	10499	0.062
ND4L/4	10500	10509	-0.014
ND4L/4	10510	10519	-0.113
ND4L/4	10520	10529	0.010
ND4L/4	10530	10539	0.019
ND4L/4	10540	10549	-0.052
ND4L/4	10550	10559	-0.086
ND4L/4	10560	10569	-0.163
ND4L/4	10570	10579	-0.062
ND4L/4	10580	10589	-0.020
ND4L/4	10590	10599	-0.033
ND4L/4	10600	10609	-0.021
ND4L/4	10610	10619	-0.088
ND4L/4	10620	10629	-0.153
ND4L/4	10630	10639	-0.103
ND4L/4	10640	10649	-0.058
ND4L/4	10650	10659	0.019
ND4L/4	10660	10669	0.005
ND4L/4	10670	10679	-0.030
ND4L/4	10680	10689	-0.019
ND4L/4	10690	10699	-0.102
ND4L/4	10700	10709	-0.111
ND4L/4	10710	10719	-0.108
ND4L/4	10720	10729	-0.052
ND4L/4	10730	10739	-0.003
ND4L/4	10740	10749	-0.059
ND4L/4	10750	10759	-0.120
ND4L/4	10760	10769	-0.067
ND4L/4	10770	10779	-0.086
ND4L/4	10780	10789	-0.020
ND4L/4	10790	10799	-0.088
ND4L/4	10800	10809	-0.093
ND4L/4	10810	10819	-0.018
ND4L/4	10820	10829	-0.036
ND4L/4	10830	10839	-0.141
ND4L/4	10840	10849	-0.125
ND4L/4	10850	10859	-0.046
ND4L/4	10860	10869	-0.033
ND4L/4	10870	10879	-0.006
ND4L/4	10880	10889	-0.031
ND4L/4	10890	10899	-0.075
ND4L/4	10900	10909	-0.052
ND4L/4	10910	10919	-0.057
ND4L/4	10920	10929	-0.045
ND4L/4	10930	10939	-0.128
ND4L/4	10940	10949	-0.130
ND4L/4	10950	10959	-0.072
ND4L/4	10960	10969	-0.050
ND4L/4	10970	10979	-0.069
ND4L/4	10980	10989	-0.075
ND4L/4	10990	10999	-0.038
ND4L/4	11000	11009	-0.076
ND4L/4	11010	11019	-0.024
ND4L/4	11020	11029	-0.072
ND4L/4	11030	11039	0.004
ND4L/4	11040	11049	-0.027
ND4L/4	11050	11059	-0.017
ND4L/4	11060	11069	-0.027
ND4L/4	11070	11079	-0.007
ND4L/4	11080	11089	-0.024
ND4L/4	11090	11099	-0.069
ND4L/4	11100	11109	-0.032
ND4L/4	11110	11119	-0.002
ND4L/4	11120	11129	-0.051
ND4L/4	11130	11139	-0.058
ND4L/4	11140	11149	-0.075
ND4L/4	11150	11159	-0.090
ND4L/4	11160	11169	-0.036
ND4L/4	11170	11179	-0.092
ND4L/4	11180	11189	-0.016
ND4L/4	11190	11199	-0.078
ND4L/4	11200	11209	-0.032
ND4L/4	11210	11219	-0.052
ND4L/4	11220	11229	-0.037
ND4L/4	11230	11239	-0.085
ND4L/4	11240	11249	-0.042
ND4L/4	11250	11259	-0.016
ND4L/4	11260	11269	-0.136
ND4L/4	11270	11279	-0.080
ND4L/4	11280	11289	-0.056
ND4L/4	11290	11299	-0.047
ND4L/4	11300	11309	-0.103
ND4L/4	11310	11319	-0.085
ND4L/4	11320	11329	-0.072
ND4L/4	11330	11339	-0.082
ND4L/4	11340	11349	-0.072
ND4L/4	11350	11359	-0.077
ND4L/4	11360	11369	-0.051
ND4L/4	11370	11379	-0.014
ND4L/4	11380	11389	-0.020
ND4L/4	11390	11399	-0.052
ND4L/4	11400	11409	-0.066
ND4L/4	11410	11419	0.033
ND4L/4	11420	11429	-0.113
ND4L/4	11430	11439	-0.013
ND4L/4	11440	11449	-0.068
ND4L/4	11450	11459	-0.004
ND4L/4	11460	11469	0.000
ND4L/4	11470	11479	-0.019
ND4L/4	11480	11489	-0.036
ND4L/4	11490	11499	-0.108
ND4L/4	11500	11509	-0.029
ND4L/4	11510	11519	-0.088
ND4L/4	11520	11529	-0.038
ND4L/4	11530	11539	-0.069
ND4L/4	11540	11549	-0.024
ND4L/4	11550	11559	-0.047
ND4L/4	11560	11569	-0.081
ND4L/4	11570	11579	-0.078
ND4L/4	11580	11589	-0.103
ND4L/4	11590	11599	-0.073
ND4L/4	11600	11609	-0.049
ND4L/4	11610	11619	-0.056
ND4L/4	11620	11629	-0.068
ND4L/4	11630	11639	-0.134
ND4L/4	11640	11649	-0.104
ND4L/4	11650	11659	-0.035
ND4L/4	11660	11669	-0.033
ND4L/4	11670	11679	-0.099
ND4L/4	11680	11689	-0.081
ND4L/4	11690	11699	-0.026
ND4L/4	11700	11709	-0.031
ND4L/4	11710	11719	-0.051
ND4L/4	11720	11729	-0.044
ND4L/4	11730	11739	-0.016
ND4L/4	11740	11749	-0.031
ND4L/4	11750	11759	-0.036
ND4L/4	11760	11769	-0.053
ND4L/4	11770	11779	-0.032
ND4L/4	11780	11789	-0.032
ND4L/4	11790	11799	-0.052
ND4L/4	11800	11809	-0.058
ND4L/4	11810	11819	-0.074
ND4L/4	11820	11829	-0.017
ND4L/4	11830	11839	-0.074
ND4L/4	11840	11849	-0.106
ND4L/4	11850	11859	-0.050
ND4L/4	11860	11869	-0.081
ND4L/4	11870	11879	-0.053
ND4L/4	11880	11889	-0.030
ND4L/4	11890	11899	0.115
ND4L/4	11900	11909	-0.082
ND4L/4	11910	11919	-0.011
ND4L/4	11920	11929	-0.020
ND4L/4	11930	11939	-0.008
ND4L/4	11940	11949	-0.093
ND4L/4	11950	11959	-0.129
ND4L/4	11960	11969	-0.086
ND4L/4	11970	11979	0.005
ND4L/4	11980	11989	-0.049
ND4L/4	11990	11999	-0.005
ND4L/4	12000	12009	-0.002
ND4L/4	12010	12019	-0.082
ND4L/4	12020	12029	-0.046
ND4L/4	12030	12039	-0.048
ND4L/4	12040	12049	-0.061
ND4L/4	12050	12059	-0.071
ND4L/4	12060	12069	-0.065
ND4L/4	12070	12079	-0.017
ND4L/4	12080	12089	-0.061
ND4L/4	12090	12099	-0.065
ND4L/4	12100	12109	-0.116
ND4L/4	12110	12119	-0.164
ND4L/4	12120	12129	-0.114
ND4L/4	12130	12137	-0.071
ND5	12337	12346	-0.035
ND5	12347	12356	-0.029
ND5	12357	12366	-0.090
ND5	12367	12376	-0.036
ND5	12377	12386	-0.060
ND5	12387	12396	-0.054
ND5	12397	12406	-0.093
ND5	12407	12416	-0.030
ND5	12417	12426	-0.003
ND5	12427	12436	-0.041
ND5	12437	12446	-0.032
ND5	12447	12456	-0.025
ND5	12457	12466	-0.046
ND5	12467	12476	0.005
ND5	12477	12486	-0.074
ND5	12487	12496	-0.033
ND5	12497	12506	-0.081
ND5	12507	12516	-0.098
ND5	12517	12526	-0.019
ND5	12527	12536	-0.073
ND5	12537	12546	-0.071
ND5	12547	12556	-0.098
ND5	12557	12566	-0.086
ND5	12567	12576	-0.067
ND5	12577	12586	-0.065
ND5	12587	12596	-0.010
ND5	12597	12606	-0.002
ND5	12607	12616	-0.003
ND5	12617	12626	-0.012
ND5	12627	12636	-0.021
ND5	12637	12646	-0.019
ND5	12647	12656	-0.044
ND5	12657	12666	0.006
ND5	12667	12676	0.020
ND5	12677	12686	0.006
ND5	12687	12696	-0.008
ND5	12697	12706	0.006
ND5	12707	12716	-0.029
ND5	12717	12726	-0.026
ND5	12727	12736	-0.016
ND5	12737	12746	-0.027
ND5	12747	12756	-0.042
ND5	12757	12766	0.006
ND5	12767	12776	0.003
ND5	12777	12786	-0.015
ND5	12787	12796	-0.018
ND5	12797	12806	0.000
ND5	12807	12816	0.029
ND5	12817	12826	-0.033
ND5	12827	12836	-0.069
ND5	12837	12846	-0.053
ND5	12847	12856	-0.027
ND5	12857	12866	-0.010
ND5	12867	12876	0.007
ND5	12877	12886	-0.096
ND5	12887	12896	-0.020
ND5	12897	12906	-0.030
ND5	12907	12916	-0.042
ND5	12917	12926	-0.084
ND5	12927	12936	-0.051
ND5	12937	12946	-0.067
ND5	12947	12956	-0.066
ND5	12957	12966	-0.061
ND5	12967	12976	-0.075
ND5	12977	12986	0.020
ND5	12987	12996	0.029
ND5	12997	13006	-0.066
ND5	13007	13016	-0.149
ND5	13017	13026	-0.145
ND5	13027	13036	-0.136
ND5	13037	13046	-0.074
ND5	13047	13056	-0.103
ND5	13057	13066	-0.105
ND5	13067	13076	-0.103
ND5	13077	13086	-0.076
ND5	13087	13096	-0.021
ND5	13097	13106	-0.098
ND5	13107	13116	-0.020
ND5	13117	13126	-0.042
ND5	13127	13136	-0.076
ND5	13137	13146	-0.042
ND5	13147	13156	-0.020
ND5	13157	13166	0.009
ND5	13167	13176	-0.016
ND5	13177	13186	-0.023
ND5	13187	13196	-0.031
ND5	13197	13206	-0.023
ND5	13207	13216	-0.003
ND5	13217	13226	0.029
ND5	13227	13236	0.000
ND5	13237	13246	-0.022
ND5	13247	13256	-0.032
ND5	13257	13266	-0.024
ND5	13267	13276	-0.079
ND5	13277	13286	-0.030
ND5	13287	13296	-0.058
ND5	13297	13306	-0.054
ND5	13307	13316	-0.091
ND5	13317	13326	-0.053
ND5	13327	13336	-0.007
ND5	13337	13346	-0.020
ND5	13347	13356	-0.031
ND5	13357	13366	-0.023
ND5	13367	13376	-0.024
ND5	13377	13386	0.017
ND5	13387	13396	-0.031
ND5	13397	13406	-0.018
ND5	13407	13416	-0.004
ND5	13417	13426	-0.014
ND5	13427	13436	0.048
ND5	13437	13446	0.020
ND5	13447	13456	-0.018
ND5	13457	13466	-0.006
ND5	13467	13476	0.018
ND5	13477	13486	-0.010
ND5	13487	13496	-0.010
ND5	13497	13506	0.009
ND5	13507	13516	-0.008
ND5	13517	13526	0.006
ND5	13527	13536	-0.029
ND5	13537	13546	0.003
ND5	13547	13556	-0.047
ND5	13557	13566	-0.038
ND5	13567	13576	-0.006
ND5	13577	13586	-0.027
ND5	13587	13596	-0.010
ND5	13597	13606	-0.044
ND5	13607	13616	-0.023
ND5	13617	13626	-0.056
ND5	13627	13636	-0.011
ND5	13637	13646	-0.053
ND5	13647	13656	-0.028
ND5	13657	13666	-0.007
ND5	13667	13676	-0.036
ND5	13677	13686	-0.122
ND5	13687	13696	-0.044
ND5	13697	13706	-0.004
ND5	13707	13716	0.026
ND5	13717	13726	-0.005
ND5	13727	13736	-0.010
ND5	13737	13746	0.010
ND5	13747	13756	-0.011
ND5	13757	13766	-0.003
ND5	13767	13776	0.044
ND5	13777	13786	0.031
ND5	13787	13796	0.064
ND5	13797	13806	0.053
ND5	13807	13816	0.034
ND5	13817	13826	0.005
ND5	13827	13836	0.028
ND5	13837	13846	0.028
ND5	13847	13856	0.073
ND5	13857	13866	0.110
ND5	13867	13876	0.112
ND5	13877	13886	0.014
ND5	13887	13896	0.095
ND5	13897	13906	0.098
ND5	13907	13916	0.104
ND5	13917	13926	0.086
ND5	13927	13936	0.142
ND5	13937	13946	0.096
ND5	13947	13956	0.038
ND5	13957	13966	-0.009
ND5	13967	13976	0.084
ND5	13977	13986	0.032
ND5	13987	13996	-0.013
ND5	13997	14006	0.012
ND5	14007	14016	0.051
ND5	14017	14026	0.041
ND5	14027	14036	0.073
ND5	14037	14046	0.072
ND5	14047	14056	0.009
ND5	14057	14066	0.091
ND5	14067	14076	0.055
ND5	14077	14086	0.045
ND5	14087	14096	0.077
ND5	14097	14106	0.050
ND5	14107	14116	0.038
ND5	14117	14126	0.055
ND5	14127	14136	0.042
ND5	14137	14146	0.087
ND5	14147	14148	0.076
ND6	14149	14158	0.000
ND6	14159	14168	0.000
ND6	14169	14178	0.000
ND6	14179	14188	0.000
ND6	14189	14198	0.000
ND6	14199	14208	0.000
ND6	14209	14218	0.000
ND6	14219	14228	0.000
ND6	14229	14238	0.000
ND6	14239	14248	0.000
ND6	14249	14258	0.000
ND6	14259	14268	0.000
ND6	14269	14278	0.000
ND6	14279	14288	0.000
ND6	14289	14298	0.000
ND6	14299	14308	0.000
ND6	14309	14318	0.000
ND6	14319	14328	0.000
ND6	14329	14338	0.000
ND6	14339	14348	0.000
ND6	14349	14358	0.000
ND6	14359	14368	0.000
ND6	14369	14378	0.000
ND6	14379	14388	0.000
ND6	14389	14398	0.000
ND6	14399	14408	0.000
ND6	14409	14418	0.000
ND6	14419	14428	0.000
ND6	14429	14438	0.000
ND6	14439	14448	0.000
ND6	14449	14458	0.000
ND6	14459	14468	0.000
ND6	14469	14478	0.000
ND6	14479	14488	0.000
ND6	14489	14498	0.000
ND6	14499	14508	0.000
ND6	14509	14518	0.000
ND6	14519	14528	0.000
ND6	14529	14538	0.000
ND6	14539	14548	0.000
ND6	14549	14558	0.000
ND6	14559	14568	0.000
ND6	14569	14578	0.000
ND6	14579	14588	0.000
ND6	14589	14598	0.000
ND6	14599	14608	0.000
ND6	14609	14618	0.000
ND6	14619	14628	0.000
ND6	14629	14638	0.000
ND6	14639	14648	0.000
ND6	14649	14658	0.000
ND6	14659	14668	0.000
ND6	14669	14673	0.000
RNR1	648	657	0.000
RNR1	658	667	0.000
RNR1	668	677	0.000
RNR1	678	687	0.000
RNR1	688	697	0.000
RNR1	698	707	0.000
RNR1	708	717	0.000
RNR1	718	727	0.000
RNR1	728	737	0.000
RNR1	738	747	0.000
RNR1	748	757	0.000
RNR1	758	767	0.000
RNR1	768	777	0.000
RNR1	778	787	0.000
RNR1	788	797	0.000
RNR1	798	807	0.000
RNR1	808	817	0.000
RNR1	818	827	0.000
RNR1	828	837	0.000
RNR1	838	847	0.000
RNR1	848	857	0.000
RNR1	858	867	0.000
RNR1	868	877	0.000
RNR1	878	887	0.000
RNR1	888	897	0.000
RNR1	898	907	0.000
RNR1	908	917	0.000
RNR1	918	927	0.000
RNR1	928	937	0.000
RNR1	938	947	0.000
RNR1	948	957	0.000
RNR1	958	967	0.000
RNR1	968	977	0.000
RNR1	978	987	0.000
RNR1	988	997	0.000
RNR1	998	1007	0.000
RNR1	1008	1017	0.000
RNR1	1018	1027	0.000
RNR1	1028	1037	0.000
RNR1	1038	1047	0.000
RNR1	1048	1057	0.000
RNR1	1058	1067	0.000
RNR1	1068	1077	0.000
RNR1	1078	1087	0.000
RNR1	1088	1097	0.000
RNR1	1098	1107	0.000
RNR1	1108	1117	0.000
RNR1	1118	1127	0.000
RNR1	1128	1137	0.000
RNR1	1138	1147	0.000
RNR1	1148	1157	0.000
RNR1	1158	1167	0.000
RNR1	1168	1177	0.000
RNR1	1178	1187	0.000
RNR1	1188	1197	0.000
RNR1	1198	1207	0.000
RNR1	1208	1217	0.000
RNR1	1218	1227	0.000
RNR1	1228	1237	0.000
RNR1	1238	1247	0.000
RNR1	1248	1257	0.000
RNR1	1258	1267	0.000
RNR1	1268	1277	0.000
RNR1	1278	1287	0.000
RNR1	1288	1297	0.000
RNR1	1298	1307	0.000
RNR1	1308	1317	0.000
RNR1	1318	1327	0.000
RNR1	1328	1337	0.000
RNR1	1338	1347	0.000
RNR1	1348	1357	0.000
RNR1	1358	1367	0.000
RNR1	1368	1377	0.000
RNR1	1378	1387	0.000
RNR1	1388	1397	0.000
RNR1	1398	1407	0.000
RNR1	1408	1417	0.000
RNR1	1418	1427	0.000
RNR1	1428	1437	0.000
RNR1	1438	1447	0.000
RNR1	1448	1457	0.000
RNR1	1458	1467	0.000
RNR1	1468	1477	0.000
RNR1	1478	1487	0.000
RNR1	1488	1497	0.000
RNR1	1498	1507	0.000
RNR1	1508	1517	0.000
RNR1	1518	1527	0.000
RNR1	1528	1537	0.000
RNR1	1538	1547	0.000
RNR1	1548	1557	0.000
RNR1	1558	1567	0.000
RNR1	1568	1577	0.000
RNR1	1578	1587	0.000
RNR1	1588	1597	0.000
RNR1	1598	1601	0.000
RNR2	1671	1680	0.000
RNR2	1681	1690	0.000
RNR2	1691	1700	0.000
RNR2	1701	1710	0.000
RNR2	1711	1720	0.000
RNR2	1721	1730	0.000
RNR2	1731	1740	0.000
RNR2	1741	1750	0.000
RNR2	1751	1760	0.000
RNR2	1761	1770	0.000
RNR2	1771	1780	0.000
RNR2	1781	1790	0.000
RNR2	1791	1800	0.000
RNR2	1801	1810	0.000
RNR2	1811	1820	0.000
RNR2	1821	1830	0.000
RNR2	1831	1840	0.000
RNR2	1841	1850	0.000
RNR2	1851	1860	0.000
RNR2	1861	1870	0.000
RNR2	1871	1880	0.000
RNR2	1881	1890	0.000
RNR2	1891	1900	0.000
RNR2	1901	1910	0.000
RNR2	1911	1920	0.000
RNR2	1921	1930	0.000
RNR2	1931	1940	0.000
RNR2	1941	1950	0.000
RNR2	1951	1960	0.000
RNR2	1961	1970	0.000
RNR2	1971	1980	0.000
RNR2	1981	1990	0.000
RNR2	1991	2000	0.000
RNR2	2001	2010	0.000
RNR2	2011	2020	0.000
RNR2	2021	2030	0.000
RNR2	2031	2040	0.000
RNR2	2041	2050	0.000
RNR2	2051	2060	0.000
RNR2	2061	2070	0.000
RNR2	2071	2080	0.000
RNR2	2081	2090	0.000
RNR2	2091	2100	0.000
RNR2	2101	2110	0.000
RNR2	2111	2120	0.000
RNR2	2121	2130	0.000
RNR2	2131	2140	0.000
RNR2	2141	2150	0.000
RNR2	2151	2160	0.000
RNR2	2161	2170	0.000
RNR2	2171	2180	0.000
RNR2	2181	2190	0.000
RNR2	2191	2200	0.000
RNR2	2201	2210	0.000
RNR2	2211	2220	0.000
RNR2	2221	2230	0.000
RNR2	2231	2240	0.000
RNR2	2241	2250	0.000
RNR2	2251	2260	0.000
RNR2	2261	2270	0.000
RNR2	2271	2280	0.000
RNR2	2281	2290	0.000
RNR2	2291	2300	0.000
RNR2	2301	2310	0.000
RNR2	2311	2320	0.000
RNR2	2321	2330	0.000
RNR2	2331	2340	0.000
RNR2	2341	2350	0.000
RNR2	2351	2360	0.000
RNR2	2361	2370	0.000
RNR2	2371	2380	0.000
RNR2	2381	2390	0.000
RNR2	2391	2400	0.000
RNR2	2401	2410	0.000
RNR2	2411	2420	0.000
RNR2	2421	2430	0.000
RNR2	2431	2440	0.000
RNR2	2441	2450	0.000
RNR2	2451	2460	0.000
RNR2	2461	2470	0.000
RNR2	2471	2480	0.000
RNR2	2481	2490	0.000
RNR2	2491	2500	0.000
RNR2	2501	2510	0.000
RNR2	2511	2520	0.000
RNR2	2521	2530	0.000
RNR2	2531	2540	0.000
RNR2	2541	2550	0.000
RNR2	2551	2560	0.000
RNR2	2561	2570	0.000
RNR2	2571	2580	0.000
RNR2	2581	2590	0.000
RNR2	2591	2600	0.000
RNR2	2601	2610	0.000
RNR2	2611	2620	0.000
RNR2	2621	2630	0.000
RNR2	2631	2640	0.000
RNR2	2641	2650	0.000
RNR2	2651	2660	0.000
RNR2	2661	2670	0.000
RNR2	2671	2680	0.000
RNR2	2681	2690	0.000
RNR2	2691	2700	0.000
RNR2	2701	2710	0.000
RNR2	2711	2720	0.000
RNR2	2721	2730	0.000
RNR2	2731	2740	0.000
RNR2	2741	2750	0.000
RNR2	2751	2760	0.000
RNR2	2761	2770	0.000
RNR2	2771	2780	0.000
RNR2	2781	2790	0.000
RNR2	2791	2800	0.000
RNR2	2801	2810	0.000
RNR2	2811	2820	0.000
RNR2	2821	2830	0.000
RNR2	2831	2840	0.000
RNR2	2841	2850	0.000
RNR2	2851	2860	0.000
RNR2	2861	2870	0.000
RNR2	2871	2880	0.000
RNR2	2881	2890	0.000
RNR2	2891	2900	0.000
RNR2	2901	2910	0.000
RNR2	2911	2920	0.000
RNR2	2921	2930	0.000
RNR2	2931	2940	0.000
RNR2	2941	2950	0.000
RNR2	2951	2960	0.000
RNR2	2961	2970	0.000
RNR2	2971	2980	0.000
RNR2	2981	2990	0.000
RNR2	2991	3000	0.000
RNR2	3001	3010	0.000
RNR2	3011	3020	0.000
RNR2	3021	3030	0.000
RNR2	3031	3040	0.000
RNR2	3041	3050	0.000
RNR2	3051	3060	0.000
RNR2	3061	3070	0.000
RNR2	3071	3080	0.000
RNR2	3081	3090	0.000
RNR2	3091	3100	0.000
RNR2	3101	3110	0.000
RNR2	3111	3120	0.000
RNR2	3121	3130	0.000
RNR2	3131	3140	0.000
RNR2	3141	3150	0.000
RNR2	3151	3160	0.000
RNR2	3161	3170	0.000
RNR2	3171	3180	0.000
RNR2	3181	3190	0.000
RNR2	3191	3200	0.000
RNR2	3201	3210	0.000
RNR2	3211	3220	0.000
RNR2	3221	3229	0.000
Unknown	5580	5589	0.082
Unknown	5590	5599	0.000
Unknown	5600	5609	0.000
Unknown	5610	5619	0.000
Unknown	5620	5629	0.000
Unknown	5630	5639	0.000
Unknown	5640	5649	0.000
Unknown	5650	5659	0.000
Unknown	5660	5669	0.000
Unknown	5670	5679	0.000
Unknown	5680	5689	0.000
Unknown	5690	5699	0.000
Unknown	5700	5709	0.000
Unknown	5710	5719	0.000
Unknown	5720	5729	0.000
Unknown	5730	5739	0.000
Unknown	5740	5749	0.000
Unknown	5750	5759	0.000
Unknown	5760	5769	0.000
Unknown	5770	5779	0.000
Unknown	5780	5789	0.000
Unknown	5790	5799	0.000
Unknown	5800	5809	0.000
Unknown	5810	5819	0.000
Unknown	5820	5829	0.000
Unknown	5830	5839	0.000
Unknown	5840	5849	0.000
Unknown	5850	5859	0.000
Unknown	5860	5869	0.000
Unknown	5870	5879	0.000
Unknown	5880	5889	0.000
Unknown	5890	5899	-0.176
Unknown	5900	5901	-0.950
tRNAA	5587	5596	0.000
tRNAA	5597	5606	0.000
tRNAA	5607	5616	0.000
tRNAA	5617	5626	0.000
tRNAA	5627	5636	0.000
tRNAA	5637	5646	0.000
tRNAA	5647	5656	0.000
tRNAC	5761	5770	0.000
tRNAC	5771	5780	0.000
tRNAC	5781	5790	0.000
tRNAC	5791	5800	0.000
tRNAC	5801	5810	0.000
tRNAC	5811	5820	0.000
tRNAC	5821	5826	0.000
tRNAD	7518	7527	0.000
tRNAD	7528	7537	0.000
tRNAD	7538	7547	0.000
tRNAD	7548	7557	0.000
tRNAD	7558	7567	0.000
tRNAD	7568	7577	0.000
tRNAD	7578	7585	0.000
tRNAE	14674	14683	0.000
tRNAE	14684	14693	0.000
tRNAE	14694	14703	0.000
tRNAE	14704	14713	0.000
tRNAE	14714	14723	0.000
tRNAE	14724	14733	0.000
tRNAE	14734	14743	0.000
tRNAE	14744	14746	0.000
tRNAF	577	586	0.000
tRNAF	587	596	0.000
tRNAF	597	606	0.000
tRNAF	607	616	0.000
tRNAF	617	626	0.000
tRNAF	627	636	0.000
tRNAF	637	646	0.000
tRNAF	647	647	0.000
tRNAG	9991	10000	0.000
tRNAG	10001	10010	0.000
tRNAG	10011	10020	0.000
tRNAG	10021	10030	0.000
tRNAG	10031	10040	0.000
tRNAG	10041	10050	0.000
tRNAG	10051	10058	0.000
tRNAH	12138	12147	0.000
tRNAH	12148	12157	0.000
tRNAH	12158	12167	0.000
tRNAH	12168	12177	0.000
tRNAH	12178	12187	0.000
tRNAH	12188	12197	0.000
tRNAH	12198	12206	0.000
tRNAI	4263	4272	0.000
tRNAI	4273	4282	0.000
tRNAI	4283	4292	0.000
tRNAI	4293	4302	0.000
tRNAI	4303	4312	0.000
tRNAI	4313	4322	0.000
tRNAI	4323	4331	0.000
tRNAK	8295	8304	0.000
tRNAK	8305	8314	0.000
tRNAK	8315	8324	0.000
tRNAK	8325	8334	0.000
tRNAK	8335	8344	0.000
tRNAK	8345	8354	0.000
tRNAK	8355	8364	0.000
tRNAK	8365	8365	0.000
tRNAL1	3230	3239	0.000
tRNAL1	3240	3249	0.000
tRNAL1	3250	3259	0.000
tRNAL1	3260	3269	0.000
tRNAL1	3270	3279	0.000
tRNAL1	3280	3289	0.000
tRNAL1	3290	3299	0.000
tRNAL1	3300	3305	0.000
tRNAL2	12266	12275	0.000
tRNAL2	12276	12285	0.000
tRNAL2	12286	12295	0.000
tRNAL2	12296	12305	0.000
tRNAL2	12306	12315	0.000
tRNAL2	12316	12325	0.000
tRNAL2	12326	12335	0.000
tRNAL2	12336	12336	0.000
tRNAM	4402	4411	0.000
tRNAM	4412	4421	0.000
tRNAM	4422	4431	0.000
tRNAM	4432	4441	0.000
tRNAM	4442	4451	0.000
tRNAM	4452	4461	0.000
tRNAM	4462	4469	0.000
tRNAN	5657	5666	0.000
tRNAN	5667	5676	0.000
tRNAN	5677	5686	0.000
tRNAN	5687	5696	0.000
tRNAN	5697	5706	0.000
tRNAN	5707	5716	0.000
tRNAN	5717	5726	0.000
tRNAN	5727	5729	0.000
tRNAP	15956	15965	0.000
tRNAP	15966	15975	0.000
tRNAP	15976	15985	0.000
tRNAP	15986	15995	0.000
tRNAP	15996	16005	0.000
tRNAP	16006	16015	0.000
tRNAP	16016	16023	0.000
tRNAQ	4332	4341	0.000
tRNAQ	4342	4351	0.000
tRNAQ	4352	4361	0.000
tRNAQ	4362	4371	0.000
tRNAQ	4372	4381	0.000
tRNAQ	4382	4391	0.000
tRNAQ	4392	4401	0.000
tRNAR	10405	10414	0.000
tRNAR	10415	10424	0.000
tRNAR	10425	10434	0.000
tRNAR	10435	10444	0.000
tRNAR	10445	10454	0.000
tRNAR	10455	10464	0.000
tRNAR	10465	10469	0.000
tRNAS1	7446	7455	0.000
tRNAS1	7456	7465	0.000
tRNAS1	7466	7475	0.000
tRNAS1	7476	7485	0.000
tRNAS1	7486	7495	0.000
tRNAS1	7496	7505	0.000
tRNAS1	7506	7515	0.000
tRNAS1	7516	7517	0.000
tRNAS2	12207	12216	0.000
tRNAS2	12217	12226	0.000
tRNAS2	12227	12236	0.000
tRNAS2	12237	12246	0.000
tRNAS2	12247	12256	0.000
tRNAS2	12257	12265	0.000
tRNAT	15888	15897	0.000
tRNAT	15898	15907	0.000
tRNAT	15908	15917	0.000
tRNAT	15918	15927	0.000
tRNAT	15928	15937	0.000
tRNAT	15938	15947	0.000
tRNAT	15948	15955	0.000
tRNAV	1602	1611	0.000
tRNAV	1612	1621	0.000
tRNAV	1622	1631	0.000
tRNAV	1632	1641	0.000
tRNAV	1642	1651	0.000
tRNAV	1652	1661	0.000
tRNAV	1662	1670	0.000
tRNAW	5512	5521	0.000
tRNAW	5522	5531	0.000
tRNAW	5532	5541	0.000
tRNAW	5542	5551	0.000
tRNAW	5552	5561	0.000
tRNAW	5562	5571	0.000
tRNAW	5572	5579	0.000
tRNAY	5827	5836	0.000
tRNAY	5837	5846	0.000
tRNAY	5847	5856	0.000
tRNAY	5857	5866	0.000
tRNAY	5867	5876	0.000
tRNAY	5877	5886	0.000
tRNAY	5887	5891	0.000
un1	1	10	0.000
un1	11	20	0.000
un1	21	30	0.000
un1	31	40	0.000
un1	41	50	0.000
un1	51	60	0.000
un1	61	70	0.000
un1	71	80	0.000
un1	81	90	0.000
un1	91	100	0.000
un1	101	110	0.000
un1	111	120	0.000
un1	121	130	0.000
un1	131	140	0.000
un1	141	150	0.000
un1	151	160	0.000
un1	161	170	0.000
un1	171	180	0.000
un1	181	190	0.000
un1	191	200	0.000
un1	201	210	0.000
un1	211	220	0.000
un1	221	230	0.000
un1	231	240	0.000
un1	241	250	0.000
un1	251	260	0.000
un1	261	270	0.000
un1	271	280	0.000
un1	281	290	0.000
un1	291	300	0.000
un1	301	310	0.000
un1	311	320	0.000
un1	321	330	0.000
un1	331	340	0.000
un1	341	350	0.000
un1	351	360	0.000
un1	361	370	0.000
un1	371	380	0.000
un1	381	390	0.000
un1	391	400	0.000
un1	401	410	0.000
un1	411	420	0.000
un1	421	430	0.000
un1	431	440	0.000
un1	441	450	0.000
un1	451	460	0.000
un1	461	470	0.000
un1	471	480	0.000
un1	481	490	0.000
un1	491	500	0.000
un1	501	510	0.000
un1	511	520	0.000
un1	521	530	0.000
un1	531	540	0.000
un1	541	550	0.000
un1	551	560	0.000
un1	561	570	0.000
un1	571	576	0.000
un2	5730	5739	0.000
un2	5740	5749	0.000
un2	5750	5759	0.000
un2	5760	5760	0.000
un3	8270	8279	0.000
un3	8280	8289	0.000
un3	8290	8294	0.000
un4	16024	16033	0.000
un4	16034	16043	0.000
un4	16044	16053	0.000
un4	16054	16063	0.000
un4	16064	16073	0.000
un4	16074	16083	0.000
un4	16084	16093	0.000
un4	16094	16103	0.000
un4	16104	16113	0.000
un4	16114	16123	0.000
un4	16124	16133	0.000
un4	16134	16143	0.000
un4	16144	16153	0.000
un4	16154	16163	0.000
un4	16164	16173	0.000
un4	16174	16183	0.000
un4	16184	16193	0.000
un4	16194	16203	0.000
un4	16204	16213	0.000
un4	16214	16223	0.000
un4	16224	16233	0.000
un4	16234	16243	0.000
un4	16244	16253	0.000
un4	16254	16263	0.000
un4	16264	16273	0.000
un4	16274	16283	0.000
un4	16284	16293	0.000
un4	16294	16303	0.000
un4	16304	16313	0.000
un4	16314	16323	0.000
un4	16324	16333	0.000
un4	16334	16343	0.000
un4	16344	16353	0.000
un4	16354	16363	0.000
un4	16364	16373	0.000
un4	16374	16383	0.000
un4	16384	16393	0.000
un4	16394	16403	0.000
un4	16404	16413	0.000
un4	16414	16423	0.000
un4	16424	16433	0.000
un4	16434	16443	0.000
un4	16444	16453	0.000
un4	16454	16463	0.000
un4	16464	16473	0.000
un4	16474	16483	0.000
un4	16484	16493	0.000
un4	16494	16503	0.000
un4	16504	16513	0.000
un4	16514	16523	0.000
un4	16524	16533	0.000
un4	16534	16543	0.000
un4	16544	16553	0.000
un4	16554	16563	0.000
un4	16564	16568	0.000
